N       t_exec ms   n_instr     freq MHz
8       61          17262       282,98
12      138         39147       283,67
16      297         70525       237,46
20      492         111886      227,41
24      656         163600      249,39
28-1    943         226382      240,07
32      1281        300437      234,53
36      1670        386430      231,40
40      2150        484861      225,52
44-1    2959        596053      201,44

28-2    1180        226382      191,85
44-2    2824        596053      211,07

maior freq:
8       61          17262       282,98

menor freq:
44-1    2959        596053      201,44

média:
26      799,5       194991      235,995

